0,0.5,0,#8b4513
0,1.5,1,#228b22
0,1.5,2,#228b22
0,1.5,-1,#228b22
0,1.5,-2,#228b22
1,1.5,0,#228b22
2,1.5,0,#228b22
-1,1.5,0,#228b22
-2,1.5,0,#228b22
-2,1.5,-1,#228b22
-2,1.5,-2,#228b22
-1,1.5,-2,#228b22
-1,1.5,-1,#228b22
-2,1.5,1,#228b22
-2,1.5,2,#228b22
-1,1.5,1,#228b22
-1,1.5,2,#228b22
1,1.5,2,#228b22
2,1.5,2,#228b22
2,1.5,1,#228b22
1,1.5,1,#228b22
1,1.5,-1,#228b22
1,1.5,-2,#228b22
2,1.5,-2,#228b22
2,1.5,-1,#228b22
1,2.5,-1,#228b22
1,2.5,0,#228b22
1,2.5,1,#228b22
0,2.5,1,#228b22
-1,2.5,1,#228b22
-1,2.5,0,#228b22
-1,2.5,-1,#228b22
0,2.5,-1,#228b22
0,3.5,0,#228b22
