-17,0.5,-17,#32cd32
-17,0.5,-16,#32cd32
-17,0.5,-15,#32cd32
-17,0.5,-14,#32cd32
-17,0.5,-13,#32cd32
-17,0.5,-12,#32cd32
-17,0.5,-11,#32cd32
-17,0.5,-10,#32cd32
-17,0.5,-9,#32cd32
-17,0.5,-8,#32cd32
-17,0.5,-7,#32cd32
-17,0.5,-6,#32cd32
-17,0.5,-5,#32cd32
-17,0.5,-4,#32cd32
-17,0.5,-3,#32cd32
-17,0.5,-2,#32cd32
-17,0.5,-1,#32cd32
-17,0.5,0,#32cd32
-17,0.5,1,#32cd32
-17,0.5,2,#32cd32
-17,0.5,3,#32cd32
-17,0.5,4,#32cd32
-17,0.5,5,#32cd32
-17,0.5,6,#32cd32
-17,0.5,7,#32cd32
-17,0.5,8,#32cd32
-17,0.5,9,#32cd32
-17,0.5,10,#32cd32
-17,0.5,11,#32cd32
-17,0.5,12,#32cd32
-17,0.5,13,#32cd32
-17,0.5,14,#32cd32
-17,0.5,15,#32cd32
-17,0.5,16,#32cd32
-17,0.5,17,#32cd32
-16,0.5,-17,#32cd32
-16,0.5,-16,#32cd32
-16,0.5,-15,#32cd32
-16,0.5,-14,#32cd32
-16,0.5,-13,#32cd32
-16,0.5,-12,#32cd32
-16,0.5,-11,#32cd32
-16,0.5,-10,#32cd32
-16,0.5,-9,#32cd32
-16,0.5,-8,#32cd32
-16,0.5,-7,#32cd32
-16,0.5,-6,#32cd32
-16,0.5,-5,#32cd32
-16,0.5,-4,#32cd32
-16,0.5,-3,#32cd32
-16,0.5,-2,#32cd32
-16,0.5,-1,#32cd32
-16,0.5,0,#32cd32
-16,0.5,1,#32cd32
-16,0.5,2,#32cd32
-16,0.5,3,#32cd32
-16,0.5,4,#32cd32
-16,0.5,5,#32cd32
-16,0.5,6,#32cd32
-16,0.5,7,#32cd32
-16,0.5,8,#32cd32
-16,0.5,9,#32cd32
-16,0.5,10,#32cd32
-16,0.5,11,#32cd32
-16,0.5,12,#32cd32
-16,0.5,13,#32cd32
-16,0.5,14,#32cd32
-16,0.5,15,#32cd32
-16,0.5,16,#32cd32
-16,0.5,17,#32cd32
-15,0.5,-17,#32cd32
-15,0.5,-16,#32cd32
-15,0.5,-15,#32cd32
-15,0.5,-14,#32cd32
-15,0.5,-13,#32cd32
-15,0.5,-12,#32cd32
-15,0.5,-11,#32cd32
-15,0.5,-10,#32cd32
-15,0.5,-9,#32cd32
-15,0.5,-8,#32cd32
-15,0.5,-7,#32cd32
-15,0.5,-6,#32cd32
-15,0.5,-5,#32cd32
-15,0.5,-4,#32cd32
-15,0.5,-3,#32cd32
-15,0.5,-2,#32cd32
-15,0.5,-1,#32cd32
-15,0.5,0,#32cd32
-15,0.5,1,#32cd32
-15,0.5,2,#32cd32
-15,0.5,3,#32cd32
-15,0.5,4,#32cd32
-15,0.5,5,#32cd32
-15,0.5,6,#32cd32
-15,0.5,7,#32cd32
-15,0.5,8,#32cd32
-15,0.5,9,#32cd32
-15,0.5,10,#32cd32
-15,0.5,11,#32cd32
-15,0.5,12,#32cd32
-15,0.5,13,#32cd32
-15,0.5,14,#32cd32
-15,0.5,15,#32cd32
-15,0.5,16,#32cd32
-15,0.5,17,#32cd32
-14,0.5,-17,#32cd32
-14,0.5,-16,#32cd32
-14,0.5,-15,#32cd32
-14,0.5,-14,#32cd32
-14,0.5,-13,#32cd32
-14,0.5,-12,#32cd32
-14,0.5,-11,#32cd32
-14,0.5,-10,#32cd32
-14,0.5,-9,#32cd32
-14,0.5,-8,#32cd32
-14,0.5,-7,#32cd32
-14,0.5,-6,#32cd32
-14,0.5,-5,#32cd32
-14,0.5,-4,#32cd32
-14,0.5,-3,#32cd32
-14,0.5,-2,#32cd32
-14,0.5,-1,#32cd32
-14,0.5,0,#32cd32
-14,0.5,1,#32cd32
-14,0.5,2,#32cd32
-14,0.5,3,#32cd32
-14,0.5,4,#32cd32
-14,0.5,5,#32cd32
-14,0.5,6,#32cd32
-14,0.5,7,#32cd32
-14,0.5,8,#32cd32
-14,0.5,9,#32cd32
-14,0.5,10,#32cd32
-14,0.5,11,#32cd32
-14,0.5,12,#32cd32
-14,0.5,13,#32cd32
-14,0.5,14,#32cd32
-14,0.5,15,#32cd32
-14,0.5,16,#32cd32
-14,0.5,17,#32cd32
-13,0.5,-17,#32cd32
-13,0.5,-16,#32cd32
-13,0.5,-15,#32cd32
-13,0.5,-14,#32cd32
-13,0.5,-13,#32cd32
-13,0.5,-12,#32cd32
-13,0.5,-11,#32cd32
-13,0.5,-10,#32cd32
-13,0.5,-9,#32cd32
-13,0.5,-8,#32cd32
-13,0.5,-7,#32cd32
-13,0.5,-6,#32cd32
-13,0.5,-5,#32cd32
-13,0.5,-4,#32cd32
-13,0.5,-3,#32cd32
-13,0.5,-2,#32cd32
-13,0.5,-1,#32cd32
-13,0.5,0,#32cd32
-13,0.5,1,#32cd32
-13,0.5,2,#32cd32
-13,0.5,3,#32cd32
-13,0.5,4,#32cd32
-13,0.5,5,#32cd32
-13,0.5,6,#32cd32
-13,0.5,7,#32cd32
-13,0.5,8,#32cd32
-13,0.5,9,#32cd32
-13,0.5,10,#32cd32
-13,0.5,11,#32cd32
-13,0.5,12,#32cd32
-13,0.5,13,#32cd32
-13,0.5,14,#32cd32
-13,0.5,15,#32cd32
-13,0.5,16,#32cd32
-13,0.5,17,#32cd32
-12,0.5,-17,#32cd32
-12,0.5,-16,#32cd32
-12,0.5,-15,#32cd32
-12,0.5,-14,#32cd32
-12,0.5,-13,#32cd32
-12,0.5,-12,#32cd32
-12,0.5,-11,#32cd32
-12,0.5,-10,#32cd32
-12,0.5,-9,#32cd32
-12,0.5,-8,#32cd32
-12,0.5,-7,#32cd32
-12,0.5,-6,#32cd32
-12,0.5,-5,#32cd32
-12,0.5,-4,#32cd32
-12,0.5,-3,#32cd32
-12,0.5,-2,#32cd32
-12,0.5,-1,#32cd32
-12,0.5,0,#32cd32
-12,0.5,1,#32cd32
-12,0.5,2,#32cd32
-12,0.5,3,#32cd32
-12,0.5,4,#32cd32
-12,0.5,5,#32cd32
-12,0.5,6,#32cd32
-12,0.5,7,#32cd32
-12,0.5,8,#32cd32
-12,0.5,9,#32cd32
-12,0.5,10,#32cd32
-12,0.5,11,#32cd32
-12,0.5,12,#32cd32
-12,0.5,13,#32cd32
-12,0.5,14,#32cd32
-12,0.5,15,#32cd32
-12,0.5,16,#32cd32
-12,0.5,17,#32cd32
-11,0.5,-17,#32cd32
-11,0.5,-16,#32cd32
-11,0.5,-15,#32cd32
-11,0.5,-14,#32cd32
-11,0.5,-13,#32cd32
-11,0.5,-12,#32cd32
-11,0.5,-11,#32cd32
-11,0.5,-10,#32cd32
-11,0.5,-9,#32cd32
-11,0.5,-8,#32cd32
-11,0.5,-7,#32cd32
-11,0.5,-6,#32cd32
-11,0.5,-5,#32cd32
-11,0.5,-4,#32cd32
-11,0.5,-3,#32cd32
-11,0.5,-2,#32cd32
-11,0.5,-1,#32cd32
-11,0.5,0,#32cd32
-11,0.5,1,#32cd32
-11,0.5,2,#32cd32
-11,0.5,3,#32cd32
-11,0.5,4,#32cd32
-11,0.5,5,#32cd32
-11,0.5,6,#32cd32
-11,0.5,7,#32cd32
-11,0.5,8,#32cd32
-11,0.5,9,#32cd32
-11,0.5,10,#32cd32
-11,0.5,11,#32cd32
-11,0.5,12,#32cd32
-11,0.5,13,#32cd32
-11,0.5,14,#32cd32
-11,0.5,15,#32cd32
-11,0.5,16,#32cd32
-11,0.5,17,#32cd32
-10,0.5,-17,#32cd32
-10,0.5,-16,#32cd32
-10,0.5,-15,#32cd32
-10,0.5,-14,#32cd32
-10,0.5,-13,#32cd32
-10,0.5,-12,#32cd32
-10,0.5,-11,#32cd32
-10,0.5,-10,#32cd32
-10,0.5,-9,#32cd32
-10,0.5,-8,#32cd32
-10,0.5,-7,#32cd32
-10,0.5,-6,#32cd32
-10,0.5,-5,#32cd32
-10,0.5,-4,#32cd32
-10,0.5,-3,#32cd32
-10,0.5,-2,#32cd32
-10,0.5,-1,#32cd32
-10,0.5,0,#32cd32
-10,0.5,1,#32cd32
-10,0.5,2,#32cd32
-10,0.5,3,#32cd32
-10,0.5,4,#32cd32
-10,0.5,5,#32cd32
-10,0.5,6,#32cd32
-10,0.5,7,#32cd32
-10,0.5,8,#32cd32
-10,0.5,9,#32cd32
-10,0.5,10,#32cd32
-10,0.5,11,#32cd32
-10,0.5,12,#32cd32
-10,0.5,13,#32cd32
-10,0.5,14,#32cd32
-10,0.5,15,#32cd32
-10,0.5,16,#32cd32
-10,0.5,17,#32cd32
-9,0.5,-17,#32cd32
-9,0.5,-16,#32cd32
-9,0.5,-15,#32cd32
-9,0.5,-14,#32cd32
-9,0.5,-13,#32cd32
-9,0.5,-12,#32cd32
-9,0.5,-11,#32cd32
-9,0.5,-10,#32cd32
-9,0.5,-9,#32cd32
-9,0.5,-8,#32cd32
-9,0.5,-7,#32cd32
-9,0.5,-6,#32cd32
-9,0.5,-5,#32cd32
-9,0.5,-4,#32cd32
-9,0.5,-3,#32cd32
-9,0.5,-2,#32cd32
-9,0.5,-1,#32cd32
-9,0.5,0,#32cd32
-9,0.5,1,#32cd32
-9,0.5,2,#32cd32
-9,0.5,3,#32cd32
-9,0.5,4,#32cd32
-9,0.5,5,#32cd32
-9,0.5,6,#32cd32
-9,0.5,7,#32cd32
-9,0.5,8,#32cd32
-9,0.5,9,#32cd32
-9,0.5,10,#32cd32
-9,0.5,11,#32cd32
-9,0.5,12,#32cd32
-9,0.5,13,#32cd32
-9,0.5,14,#32cd32
-9,0.5,15,#32cd32
-9,0.5,16,#32cd32
-9,0.5,17,#32cd32
-8,0.5,-17,#32cd32
-8,0.5,-16,#32cd32
-8,0.5,-15,#32cd32
-8,0.5,-14,#32cd32
-8,0.5,-13,#32cd32
-8,0.5,-12,#32cd32
-8,0.5,-11,#32cd32
-8,0.5,-10,#32cd32
-8,0.5,-9,#32cd32
-8,0.5,-8,#32cd32
-8,0.5,-7,#32cd32
-8,0.5,-6,#32cd32
-8,0.5,-5,#32cd32
-8,0.5,-4,#32cd32
-8,0.5,-3,#32cd32
-8,0.5,-2,#32cd32
-8,0.5,-1,#32cd32
-8,0.5,0,#32cd32
-8,0.5,1,#32cd32
-8,0.5,2,#32cd32
-8,0.5,3,#32cd32
-8,0.5,4,#32cd32
-8,0.5,5,#32cd32
-8,0.5,6,#32cd32
-8,0.5,7,#32cd32
-8,0.5,8,#32cd32
-8,0.5,9,#32cd32
-8,0.5,10,#32cd32
-8,0.5,11,#32cd32
-8,0.5,12,#32cd32
-8,0.5,13,#32cd32
-8,0.5,14,#32cd32
-8,0.5,15,#32cd32
-8,0.5,16,#32cd32
-8,0.5,17,#32cd32
-7,0.5,-17,#32cd32
-7,0.5,-16,#32cd32
-7,0.5,-15,#32cd32
-7,0.5,-14,#32cd32
-7,0.5,-13,#32cd32
-7,0.5,-12,#32cd32
-7,0.5,-11,#32cd32
-7,0.5,-10,#32cd32
-7,0.5,-9,#32cd32
-7,0.5,-8,#32cd32
-7,0.5,-7,#32cd32
-7,0.5,-6,#32cd32
-7,0.5,-5,#32cd32
-7,0.5,-4,#32cd32
-7,0.5,-3,#32cd32
-7,0.5,-2,#32cd32
-7,0.5,-1,#32cd32
-7,0.5,0,#32cd32
-7,0.5,1,#32cd32
-7,0.5,2,#32cd32
-7,0.5,3,#32cd32
-7,0.5,4,#32cd32
-7,0.5,5,#32cd32
-7,0.5,6,#32cd32
-7,0.5,7,#32cd32
-7,0.5,8,#32cd32
-7,0.5,9,#32cd32
-7,0.5,10,#32cd32
-7,0.5,11,#32cd32
-7,0.5,12,#32cd32
-7,0.5,13,#32cd32
-7,0.5,14,#32cd32
-7,0.5,15,#32cd32
-7,0.5,16,#32cd32
-7,0.5,17,#32cd32
-6,0.5,-17,#32cd32
-6,0.5,-16,#32cd32
-6,0.5,-15,#32cd32
-6,0.5,-14,#32cd32
-6,0.5,-13,#32cd32
-6,0.5,-12,#32cd32
-6,0.5,-11,#32cd32
-6,0.5,-10,#32cd32
-6,0.5,-9,#32cd32
-6,0.5,-8,#32cd32
-6,0.5,-7,#32cd32
-6,0.5,-6,#32cd32
-6,0.5,-5,#32cd32
-6,0.5,-4,#32cd32
-6,0.5,-3,#32cd32
-6,0.5,-2,#32cd32
-6,0.5,-1,#32cd32
-6,0.5,0,#32cd32
-6,0.5,1,#32cd32
-6,0.5,2,#32cd32
-6,0.5,3,#32cd32
-6,0.5,4,#32cd32
-6,0.5,5,#32cd32
-6,0.5,6,#32cd32
-6,0.5,7,#32cd32
-6,0.5,8,#32cd32
-6,0.5,9,#32cd32
-6,0.5,10,#32cd32
-6,0.5,11,#32cd32
-6,0.5,12,#32cd32
-6,0.5,13,#32cd32
-6,0.5,14,#32cd32
-6,0.5,15,#32cd32
-6,0.5,16,#32cd32
-6,0.5,17,#32cd32
-5,0.5,-17,#32cd32
-5,0.5,-16,#32cd32
-5,0.5,-15,#32cd32
-5,0.5,-14,#32cd32
-5,0.5,-13,#32cd32
-5,0.5,-12,#32cd32
-5,0.5,-11,#32cd32
-5,0.5,-10,#32cd32
-5,0.5,-9,#32cd32
-5,0.5,-8,#32cd32
-5,0.5,-7,#32cd32
-5,0.5,-6,#32cd32
-5,0.5,-5,#32cd32
-5,0.5,-4,#32cd32
-5,0.5,-3,#32cd32
-5,0.5,-2,#32cd32
-5,0.5,-1,#32cd32
-5,0.5,0,#32cd32
-5,0.5,1,#32cd32
-5,0.5,2,#32cd32
-5,0.5,3,#32cd32
-5,0.5,4,#32cd32
-5,0.5,5,#32cd32
-5,0.5,6,#32cd32
-5,0.5,7,#32cd32
-5,0.5,8,#32cd32
-5,0.5,9,#32cd32
-5,0.5,10,#32cd32
-5,0.5,11,#32cd32
-5,0.5,12,#32cd32
-5,0.5,13,#32cd32
-5,0.5,14,#32cd32
-5,0.5,15,#32cd32
-5,0.5,16,#32cd32
-5,0.5,17,#32cd32
-4,0.5,-17,#32cd32
-4,0.5,-16,#32cd32
-4,0.5,-15,#32cd32
-4,0.5,-14,#32cd32
-4,0.5,-13,#32cd32
-4,0.5,-12,#32cd32
-4,0.5,-11,#32cd32
-4,0.5,-10,#32cd32
-4,0.5,-9,#32cd32
-4,0.5,-8,#32cd32
-4,0.5,-7,#32cd32
-4,0.5,-6,#32cd32
-4,0.5,-5,#32cd32
-4,0.5,-4,#32cd32
-4,0.5,-3,#32cd32
-4,0.5,-2,#32cd32
-4,0.5,-1,#32cd32
-4,0.5,0,#32cd32
-4,0.5,1,#32cd32
-4,0.5,2,#32cd32
-4,0.5,3,#32cd32
-4,0.5,4,#32cd32
-4,0.5,5,#32cd32
-4,0.5,6,#32cd32
-4,0.5,7,#32cd32
-4,0.5,8,#32cd32
-4,0.5,9,#32cd32
-4,0.5,10,#32cd32
-4,0.5,11,#32cd32
-4,0.5,12,#32cd32
-4,0.5,13,#32cd32
-4,0.5,14,#32cd32
-4,0.5,15,#32cd32
-4,0.5,16,#32cd32
-4,0.5,17,#32cd32
-3,0.5,-17,#32cd32
-3,0.5,-16,#32cd32
-3,0.5,-15,#32cd32
-3,0.5,-14,#32cd32
-3,0.5,-13,#32cd32
-3,0.5,-12,#32cd32
-3,0.5,-11,#32cd32
-3,0.5,-10,#32cd32
-3,0.5,-9,#32cd32
-3,0.5,-8,#32cd32
-3,0.5,-7,#32cd32
-3,0.5,-6,#32cd32
-3,0.5,-5,#32cd32
-3,0.5,-4,#32cd32
-3,0.5,-3,#32cd32
-3,0.5,-2,#32cd32
-3,0.5,-1,#32cd32
-3,0.5,0,#32cd32
-3,0.5,1,#32cd32
-3,0.5,2,#32cd32
-3,0.5,3,#32cd32
-3,0.5,4,#32cd32
-3,0.5,5,#32cd32
-3,0.5,6,#32cd32
-3,0.5,7,#32cd32
-3,0.5,8,#32cd32
-3,0.5,9,#32cd32
-3,0.5,10,#32cd32
-3,0.5,11,#32cd32
-3,0.5,12,#32cd32
-3,0.5,13,#32cd32
-3,0.5,14,#32cd32
-3,0.5,15,#32cd32
-3,0.5,16,#32cd32
-3,0.5,17,#32cd32
-2,0.5,-17,#32cd32
-2,0.5,-16,#32cd32
-2,0.5,-15,#32cd32
-2,0.5,-14,#32cd32
-2,0.5,-13,#32cd32
-2,0.5,-12,#32cd32
-2,0.5,-11,#32cd32
-2,0.5,-10,#32cd32
-2,0.5,-9,#32cd32
-2,0.5,-8,#32cd32
-2,0.5,-7,#32cd32
-2,0.5,-6,#32cd32
-2,0.5,-5,#32cd32
-2,0.5,-4,#32cd32
-2,0.5,-3,#32cd32
-2,0.5,-2,#32cd32
-2,0.5,-1,#32cd32
-2,0.5,0,#32cd32
-2,0.5,1,#32cd32
-2,0.5,2,#32cd32
-2,0.5,3,#32cd32
-2,0.5,4,#32cd32
-2,0.5,5,#32cd32
-2,0.5,6,#32cd32
-2,0.5,7,#32cd32
-2,0.5,8,#32cd32
-2,0.5,9,#32cd32
-2,0.5,10,#32cd32
-2,0.5,11,#32cd32
-2,0.5,12,#32cd32
-2,0.5,13,#32cd32
-2,0.5,14,#32cd32
-2,0.5,15,#32cd32
-2,0.5,16,#32cd32
-2,0.5,17,#32cd32
-1,0.5,-17,#32cd32
-1,0.5,-16,#32cd32
-1,0.5,-15,#32cd32
-1,0.5,-14,#32cd32
-1,0.5,-13,#32cd32
-1,0.5,-12,#32cd32
-1,0.5,-11,#32cd32
-1,0.5,-10,#32cd32
-1,0.5,-9,#32cd32
-1,0.5,-8,#32cd32
-1,0.5,-7,#32cd32
-1,0.5,-6,#32cd32
-1,0.5,-5,#32cd32
-1,0.5,-4,#32cd32
-1,0.5,-3,#32cd32
-1,0.5,-2,#32cd32
-1,0.5,-1,#32cd32
-1,0.5,0,#32cd32
-1,0.5,1,#32cd32
-1,0.5,2,#32cd32
-1,0.5,3,#32cd32
-1,0.5,4,#32cd32
-1,0.5,5,#32cd32
-1,0.5,6,#32cd32
-1,0.5,7,#32cd32
-1,0.5,8,#32cd32
-1,0.5,9,#32cd32
-1,0.5,10,#32cd32
-1,0.5,11,#32cd32
-1,0.5,12,#32cd32
-1,0.5,13,#32cd32
-1,0.5,14,#32cd32
-1,0.5,15,#32cd32
-1,0.5,16,#32cd32
-1,0.5,17,#32cd32
0,0.5,-17,#32cd32
0,0.5,-16,#32cd32
0,0.5,-15,#32cd32
0,0.5,-14,#32cd32
0,0.5,-13,#32cd32
0,0.5,-12,#32cd32
0,0.5,-11,#32cd32
0,0.5,-10,#32cd32
0,0.5,-9,#32cd32
0,0.5,-8,#32cd32
0,0.5,-7,#32cd32
0,0.5,-6,#32cd32
0,0.5,-5,#32cd32
0,0.5,-4,#32cd32
0,0.5,-3,#32cd32
0,0.5,-2,#32cd32
0,0.5,-1,#32cd32
0,0.5,0,#32cd32
0,0.5,1,#32cd32
0,0.5,2,#32cd32
0,0.5,3,#32cd32
0,0.5,4,#32cd32
0,0.5,5,#32cd32
0,0.5,6,#32cd32
0,0.5,7,#32cd32
0,0.5,8,#32cd32
0,0.5,9,#32cd32
0,0.5,10,#32cd32
0,0.5,11,#32cd32
0,0.5,12,#32cd32
0,0.5,13,#32cd32
0,0.5,14,#32cd32
0,0.5,15,#32cd32
0,0.5,16,#32cd32
0,0.5,17,#32cd32
1,0.5,-17,#32cd32
1,0.5,-16,#32cd32
1,0.5,-15,#32cd32
1,0.5,-14,#32cd32
1,0.5,-13,#32cd32
1,0.5,-12,#32cd32
1,0.5,-11,#32cd32
1,0.5,-10,#32cd32
1,0.5,-9,#32cd32
1,0.5,-8,#32cd32
1,0.5,-7,#32cd32
1,0.5,-6,#32cd32
1,0.5,-5,#32cd32
1,0.5,-4,#32cd32
1,0.5,-3,#32cd32
1,0.5,-2,#32cd32
1,0.5,-1,#32cd32
1,0.5,0,#32cd32
1,0.5,1,#32cd32
1,0.5,2,#32cd32
1,0.5,3,#32cd32
1,0.5,4,#32cd32
1,0.5,5,#32cd32
1,0.5,6,#32cd32
1,0.5,7,#32cd32
1,0.5,8,#32cd32
1,0.5,9,#32cd32
1,0.5,10,#32cd32
1,0.5,11,#32cd32
1,0.5,12,#32cd32
1,0.5,13,#32cd32
1,0.5,14,#32cd32
1,0.5,15,#32cd32
1,0.5,16,#32cd32
1,0.5,17,#32cd32
2,0.5,-17,#32cd32
2,0.5,-16,#32cd32
2,0.5,-15,#32cd32
2,0.5,-14,#32cd32
2,0.5,-13,#32cd32
2,0.5,-12,#32cd32
2,0.5,-11,#32cd32
2,0.5,-10,#32cd32
2,0.5,-9,#32cd32
2,0.5,-8,#32cd32
2,0.5,-7,#32cd32
2,0.5,-6,#32cd32
2,0.5,-5,#32cd32
2,0.5,-4,#32cd32
2,0.5,-3,#32cd32
2,0.5,-2,#32cd32
2,0.5,-1,#32cd32
2,0.5,0,#32cd32
2,0.5,1,#32cd32
2,0.5,2,#32cd32
2,0.5,3,#32cd32
2,0.5,4,#32cd32
2,0.5,5,#32cd32
2,0.5,6,#32cd32
2,0.5,7,#32cd32
2,0.5,8,#32cd32
2,0.5,9,#32cd32
2,0.5,10,#32cd32
2,0.5,11,#32cd32
2,0.5,12,#32cd32
2,0.5,13,#32cd32
2,0.5,14,#32cd32
2,0.5,15,#32cd32
2,0.5,16,#32cd32
2,0.5,17,#32cd32
3,0.5,-17,#32cd32
3,0.5,-16,#32cd32
3,0.5,-15,#32cd32
3,0.5,-14,#32cd32
3,0.5,-13,#32cd32
3,0.5,-12,#32cd32
3,0.5,-11,#32cd32
3,0.5,-10,#32cd32
3,0.5,-9,#32cd32
3,0.5,-8,#32cd32
3,0.5,-7,#32cd32
3,0.5,-6,#32cd32
3,0.5,-5,#32cd32
3,0.5,-4,#32cd32
3,0.5,-3,#32cd32
3,0.5,-2,#32cd32
3,0.5,-1,#32cd32
3,0.5,0,#32cd32
3,0.5,1,#32cd32
3,0.5,2,#32cd32
3,0.5,3,#32cd32
3,0.5,4,#32cd32
3,0.5,5,#32cd32
3,0.5,6,#32cd32
3,0.5,7,#32cd32
3,0.5,8,#32cd32
3,0.5,9,#32cd32
3,0.5,10,#32cd32
3,0.5,11,#32cd32
3,0.5,12,#32cd32
3,0.5,13,#32cd32
3,0.5,14,#32cd32
3,0.5,15,#32cd32
3,0.5,16,#32cd32
3,0.5,17,#32cd32
4,0.5,-17,#32cd32
4,0.5,-16,#32cd32
4,0.5,-15,#32cd32
4,0.5,-14,#32cd32
4,0.5,-13,#32cd32
4,0.5,-12,#32cd32
4,0.5,-11,#32cd32
4,0.5,-10,#32cd32
4,0.5,-9,#32cd32
4,0.5,-8,#32cd32
4,0.5,-7,#32cd32
4,0.5,-6,#32cd32
4,0.5,-5,#32cd32
4,0.5,-4,#32cd32
4,0.5,-3,#32cd32
4,0.5,-2,#32cd32
4,0.5,-1,#32cd32
4,0.5,0,#32cd32
4,0.5,1,#32cd32
4,0.5,2,#32cd32
4,0.5,3,#32cd32
4,0.5,4,#32cd32
4,0.5,5,#32cd32
4,0.5,6,#32cd32
4,0.5,7,#32cd32
4,0.5,8,#32cd32
4,0.5,9,#32cd32
4,0.5,10,#32cd32
4,0.5,11,#32cd32
4,0.5,12,#32cd32
4,0.5,13,#32cd32
4,0.5,14,#32cd32
4,0.5,15,#32cd32
4,0.5,16,#32cd32
4,0.5,17,#32cd32
5,0.5,-17,#32cd32
5,0.5,-16,#32cd32
5,0.5,-15,#32cd32
5,0.5,-14,#32cd32
5,0.5,-13,#32cd32
5,0.5,-12,#32cd32
5,0.5,-11,#32cd32
5,0.5,-10,#32cd32
5,0.5,-9,#32cd32
5,0.5,-8,#32cd32
5,0.5,-7,#32cd32
5,0.5,-6,#32cd32
5,0.5,-5,#32cd32
5,0.5,-4,#32cd32
5,0.5,-3,#32cd32
5,0.5,-2,#32cd32
5,0.5,-1,#32cd32
5,0.5,0,#32cd32
5,0.5,1,#32cd32
5,0.5,2,#32cd32
5,0.5,3,#32cd32
5,0.5,4,#32cd32
5,0.5,5,#32cd32
5,0.5,6,#32cd32
5,0.5,7,#32cd32
5,0.5,8,#32cd32
5,0.5,9,#32cd32
5,0.5,10,#32cd32
5,0.5,11,#32cd32
5,0.5,12,#32cd32
5,0.5,13,#32cd32
5,0.5,14,#32cd32
5,0.5,15,#32cd32
5,0.5,16,#32cd32
5,0.5,17,#32cd32
6,0.5,-17,#32cd32
6,0.5,-16,#32cd32
6,0.5,-15,#32cd32
6,0.5,-14,#32cd32
6,0.5,-13,#32cd32
6,0.5,-12,#32cd32
6,0.5,-11,#32cd32
6,0.5,-10,#32cd32
6,0.5,-9,#32cd32
6,0.5,-8,#32cd32
6,0.5,-7,#32cd32
6,0.5,-6,#32cd32
6,0.5,-5,#32cd32
6,0.5,-4,#32cd32
6,0.5,-3,#32cd32
6,0.5,-2,#32cd32
6,0.5,-1,#32cd32
6,0.5,0,#32cd32
6,0.5,1,#32cd32
6,0.5,2,#32cd32
6,0.5,3,#32cd32
6,0.5,4,#32cd32
6,0.5,5,#32cd32
6,0.5,6,#32cd32
6,0.5,7,#32cd32
6,0.5,8,#32cd32
6,0.5,9,#32cd32
6,0.5,10,#32cd32
6,0.5,11,#32cd32
6,0.5,12,#32cd32
6,0.5,13,#32cd32
6,0.5,14,#32cd32
6,0.5,15,#32cd32
6,0.5,16,#32cd32
6,0.5,17,#32cd32
7,0.5,-17,#32cd32
7,0.5,-16,#32cd32
7,0.5,-15,#32cd32
7,0.5,-14,#32cd32
7,0.5,-13,#32cd32
7,0.5,-12,#32cd32
7,0.5,-11,#32cd32
7,0.5,-10,#32cd32
7,0.5,-9,#32cd32
7,0.5,-8,#32cd32
7,0.5,-7,#32cd32
7,0.5,-6,#32cd32
7,0.5,-5,#32cd32
7,0.5,-4,#32cd32
7,0.5,-3,#32cd32
7,0.5,-2,#32cd32
7,0.5,-1,#32cd32
7,0.5,0,#32cd32
7,0.5,1,#32cd32
7,0.5,2,#32cd32
7,0.5,3,#32cd32
7,0.5,4,#32cd32
7,0.5,5,#32cd32
7,0.5,6,#32cd32
7,0.5,7,#32cd32
7,0.5,8,#32cd32
7,0.5,9,#32cd32
7,0.5,10,#32cd32
7,0.5,11,#32cd32
7,0.5,12,#32cd32
7,0.5,13,#32cd32
7,0.5,14,#32cd32
7,0.5,15,#32cd32
7,0.5,16,#32cd32
7,0.5,17,#32cd32
8,0.5,-17,#32cd32
8,0.5,-16,#32cd32
8,0.5,-15,#32cd32
8,0.5,-14,#32cd32
8,0.5,-13,#32cd32
8,0.5,-12,#32cd32
8,0.5,-11,#32cd32
8,0.5,-10,#32cd32
8,0.5,-9,#32cd32
8,0.5,-8,#32cd32
8,0.5,-7,#32cd32
8,0.5,-6,#32cd32
8,0.5,-5,#32cd32
8,0.5,-4,#32cd32
8,0.5,-3,#32cd32
8,0.5,-2,#32cd32
8,0.5,-1,#32cd32
8,0.5,0,#32cd32
8,0.5,1,#32cd32
8,0.5,2,#32cd32
8,0.5,3,#32cd32
8,0.5,4,#32cd32
8,0.5,5,#32cd32
8,0.5,6,#32cd32
8,0.5,7,#32cd32
8,0.5,8,#32cd32
8,0.5,9,#32cd32
8,0.5,10,#32cd32
8,0.5,11,#32cd32
8,0.5,12,#32cd32
8,0.5,13,#32cd32
8,0.5,14,#32cd32
8,0.5,15,#32cd32
8,0.5,16,#32cd32
8,0.5,17,#32cd32
9,0.5,-17,#32cd32
9,0.5,-16,#32cd32
9,0.5,-15,#32cd32
9,0.5,-14,#32cd32
9,0.5,-13,#32cd32
9,0.5,-12,#32cd32
9,0.5,-11,#32cd32
9,0.5,-10,#32cd32
9,0.5,-9,#32cd32
9,0.5,-8,#32cd32
9,0.5,-7,#32cd32
9,0.5,-6,#32cd32
9,0.5,-5,#32cd32
9,0.5,-4,#32cd32
9,0.5,-3,#32cd32
9,0.5,-2,#32cd32
9,0.5,-1,#32cd32
9,0.5,0,#32cd32
9,0.5,1,#32cd32
9,0.5,2,#32cd32
9,0.5,3,#32cd32
9,0.5,4,#32cd32
9,0.5,5,#32cd32
9,0.5,6,#32cd32
9,0.5,7,#32cd32
9,0.5,8,#32cd32
9,0.5,9,#32cd32
9,0.5,10,#32cd32
9,0.5,11,#32cd32
9,0.5,12,#32cd32
9,0.5,13,#32cd32
9,0.5,14,#32cd32
9,0.5,15,#32cd32
9,0.5,16,#32cd32
9,0.5,17,#32cd32
10,0.5,-17,#32cd32
10,0.5,-16,#32cd32
10,0.5,-15,#32cd32
10,0.5,-14,#32cd32
10,0.5,-13,#32cd32
10,0.5,-12,#32cd32
10,0.5,-11,#32cd32
10,0.5,-10,#32cd32
10,0.5,-9,#32cd32
10,0.5,-8,#32cd32
10,0.5,-7,#32cd32
10,0.5,-6,#32cd32
10,0.5,-5,#32cd32
10,0.5,-4,#32cd32
10,0.5,-3,#32cd32
10,0.5,-2,#32cd32
10,0.5,-1,#32cd32
10,0.5,0,#32cd32
10,0.5,1,#32cd32
10,0.5,2,#32cd32
10,0.5,3,#32cd32
10,0.5,4,#32cd32
10,0.5,5,#32cd32
10,0.5,6,#32cd32
10,0.5,7,#32cd32
10,0.5,8,#32cd32
10,0.5,9,#32cd32
10,0.5,10,#32cd32
10,0.5,11,#32cd32
10,0.5,12,#32cd32
10,0.5,13,#32cd32
10,0.5,14,#32cd32
10,0.5,15,#32cd32
10,0.5,16,#32cd32
10,0.5,17,#32cd32
11,0.5,-17,#32cd32
11,0.5,-16,#32cd32
11,0.5,-15,#32cd32
11,0.5,-14,#32cd32
11,0.5,-13,#32cd32
11,0.5,-12,#32cd32
11,0.5,-11,#32cd32
11,0.5,-10,#32cd32
11,0.5,-9,#32cd32
11,0.5,-8,#32cd32
11,0.5,-7,#32cd32
11,0.5,-6,#32cd32
11,0.5,-5,#32cd32
11,0.5,-4,#32cd32
11,0.5,-3,#32cd32
11,0.5,-2,#32cd32
11,0.5,-1,#32cd32
11,0.5,0,#32cd32
11,0.5,1,#32cd32
11,0.5,2,#32cd32
11,0.5,3,#32cd32
11,0.5,4,#32cd32
11,0.5,5,#32cd32
11,0.5,6,#32cd32
11,0.5,7,#32cd32
11,0.5,8,#32cd32
11,0.5,9,#32cd32
11,0.5,10,#32cd32
11,0.5,11,#32cd32
11,0.5,12,#32cd32
11,0.5,13,#32cd32
11,0.5,14,#32cd32
11,0.5,15,#32cd32
11,0.5,16,#32cd32
11,0.5,17,#32cd32
12,0.5,-17,#32cd32
12,0.5,-16,#32cd32
12,0.5,-15,#32cd32
12,0.5,-14,#32cd32
12,0.5,-13,#32cd32
12,0.5,-12,#32cd32
12,0.5,-11,#32cd32
12,0.5,-10,#32cd32
12,0.5,-9,#32cd32
12,0.5,-8,#32cd32
12,0.5,-7,#32cd32
12,0.5,-6,#32cd32
12,0.5,-5,#32cd32
12,0.5,-4,#32cd32
12,0.5,-3,#32cd32
12,0.5,-2,#32cd32
12,0.5,-1,#32cd32
12,0.5,0,#32cd32
12,0.5,1,#32cd32
12,0.5,2,#32cd32
12,0.5,3,#32cd32
12,0.5,4,#32cd32
12,0.5,5,#32cd32
12,0.5,6,#32cd32
12,0.5,7,#32cd32
12,0.5,8,#32cd32
12,0.5,9,#32cd32
12,0.5,10,#32cd32
12,0.5,11,#32cd32
12,0.5,12,#32cd32
12,0.5,13,#32cd32
12,0.5,14,#32cd32
12,0.5,15,#32cd32
12,0.5,16,#32cd32
12,0.5,17,#32cd32
13,0.5,-17,#32cd32
13,0.5,-16,#32cd32
13,0.5,-15,#32cd32
13,0.5,-14,#32cd32
13,0.5,-13,#32cd32
13,0.5,-12,#32cd32
13,0.5,-11,#32cd32
13,0.5,-10,#32cd32
13,0.5,-9,#32cd32
13,0.5,-8,#32cd32
13,0.5,-7,#32cd32
13,0.5,-6,#32cd32
13,0.5,-5,#32cd32
13,0.5,-4,#32cd32
13,0.5,-3,#32cd32
13,0.5,-2,#32cd32
13,0.5,-1,#32cd32
13,0.5,0,#32cd32
13,0.5,1,#32cd32
13,0.5,2,#32cd32
13,0.5,3,#32cd32
13,0.5,4,#32cd32
13,0.5,5,#32cd32
13,0.5,6,#32cd32
13,0.5,7,#32cd32
13,0.5,8,#32cd32
13,0.5,9,#32cd32
13,0.5,10,#32cd32
13,0.5,11,#32cd32
13,0.5,12,#32cd32
13,0.5,13,#32cd32
13,0.5,14,#32cd32
13,0.5,15,#32cd32
13,0.5,16,#32cd32
13,0.5,17,#32cd32
14,0.5,-17,#32cd32
14,0.5,-16,#32cd32
14,0.5,-15,#32cd32
14,0.5,-14,#32cd32
14,0.5,-13,#32cd32
14,0.5,-12,#32cd32
14,0.5,-11,#32cd32
14,0.5,-10,#32cd32
14,0.5,-9,#32cd32
14,0.5,-8,#32cd32
14,0.5,-7,#32cd32
14,0.5,-6,#32cd32
14,0.5,-5,#32cd32
14,0.5,-4,#32cd32
14,0.5,-3,#32cd32
14,0.5,-2,#32cd32
14,0.5,-1,#32cd32
14,0.5,0,#32cd32
14,0.5,1,#32cd32
14,0.5,2,#32cd32
14,0.5,3,#32cd32
14,0.5,4,#32cd32
14,0.5,5,#32cd32
14,0.5,6,#32cd32
14,0.5,7,#32cd32
14,0.5,8,#32cd32
14,0.5,9,#32cd32
14,0.5,10,#32cd32
14,0.5,11,#32cd32
14,0.5,12,#32cd32
14,0.5,13,#32cd32
14,0.5,14,#32cd32
14,0.5,15,#32cd32
14,0.5,16,#32cd32
14,0.5,17,#32cd32
15,0.5,-17,#32cd32
15,0.5,-16,#32cd32
15,0.5,-15,#32cd32
15,0.5,-14,#32cd32
15,0.5,-13,#32cd32
15,0.5,-12,#32cd32
15,0.5,-11,#32cd32
15,0.5,-10,#32cd32
15,0.5,-9,#32cd32
15,0.5,-8,#32cd32
15,0.5,-7,#32cd32
15,0.5,-6,#32cd32
15,0.5,-5,#32cd32
15,0.5,-4,#32cd32
15,0.5,-3,#32cd32
15,0.5,-2,#32cd32
15,0.5,-1,#32cd32
15,0.5,0,#32cd32
15,0.5,1,#32cd32
15,0.5,2,#32cd32
15,0.5,3,#32cd32
15,0.5,4,#32cd32
15,0.5,5,#32cd32
15,0.5,6,#32cd32
15,0.5,7,#32cd32
15,0.5,8,#32cd32
15,0.5,9,#32cd32
15,0.5,10,#32cd32
15,0.5,11,#32cd32
15,0.5,12,#32cd32
15,0.5,13,#32cd32
15,0.5,14,#32cd32
15,0.5,15,#32cd32
15,0.5,16,#32cd32
15,0.5,17,#32cd32
16,0.5,-17,#32cd32
16,0.5,-16,#32cd32
16,0.5,-15,#32cd32
16,0.5,-14,#32cd32
16,0.5,-13,#32cd32
16,0.5,-12,#32cd32
16,0.5,-11,#32cd32
16,0.5,-10,#32cd32
16,0.5,-9,#32cd32
16,0.5,-8,#32cd32
16,0.5,-7,#32cd32
16,0.5,-6,#32cd32
16,0.5,-5,#32cd32
16,0.5,-4,#32cd32
16,0.5,-3,#32cd32
16,0.5,-2,#32cd32
16,0.5,-1,#32cd32
16,0.5,0,#32cd32
16,0.5,1,#32cd32
16,0.5,2,#32cd32
16,0.5,3,#32cd32
16,0.5,4,#32cd32
16,0.5,5,#32cd32
16,0.5,6,#32cd32
16,0.5,7,#32cd32
16,0.5,8,#32cd32
16,0.5,9,#32cd32
16,0.5,10,#32cd32
16,0.5,11,#32cd32
16,0.5,12,#32cd32
16,0.5,13,#32cd32
16,0.5,14,#32cd32
16,0.5,15,#32cd32
16,0.5,16,#32cd32
16,0.5,17,#32cd32
17,0.5,-17,#32cd32
17,0.5,-16,#32cd32
17,0.5,-15,#32cd32
17,0.5,-14,#32cd32
17,0.5,-13,#32cd32
17,0.5,-12,#32cd32
17,0.5,-11,#32cd32
17,0.5,-10,#32cd32
17,0.5,-9,#32cd32
17,0.5,-8,#32cd32
17,0.5,-7,#32cd32
17,0.5,-6,#32cd32
17,0.5,-5,#32cd32
17,0.5,-4,#32cd32
17,0.5,-3,#32cd32
17,0.5,-2,#32cd32
17,0.5,-1,#32cd32
17,0.5,0,#32cd32
17,0.5,1,#32cd32
17,0.5,2,#32cd32
17,0.5,3,#32cd32
17,0.5,4,#32cd32
17,0.5,5,#32cd32
17,0.5,6,#32cd32
17,0.5,7,#32cd32
17,0.5,8,#32cd32
17,0.5,9,#32cd32
17,0.5,10,#32cd32
17,0.5,11,#32cd32
17,0.5,12,#32cd32
17,0.5,13,#32cd32
17,0.5,14,#32cd32
17,0.5,15,#32cd32
17,0.5,16,#32cd32
17,0.5,17,#32cd32
-17,1.5,-17,#f4a460
-17,1.5,-16,#f4a460
-17,1.5,-15,#f4a460
-17,1.5,-14,#f4a460
-17,1.5,-13,#f4a460
-17,1.5,-12,#f4a460
-17,1.5,-11,#f4a460
-17,1.5,-10,#f4a460
-17,1.5,-9,#f4a460
-17,1.5,-8,#f4a460
-17,1.5,-7,#f4a460
-17,1.5,-6,#f4a460
-17,1.5,-5,#f4a460
-17,1.5,-4,#f4a460
-17,1.5,-3,#f4a460
-17,1.5,-2,#f4a460
-17,1.5,-1,#f4a460
-17,1.5,0,#f4a460
-17,1.5,1,#f4a460
-17,1.5,2,#f4a460
-17,1.5,3,#f4a460
-17,1.5,4,#f4a460
-17,1.5,5,#f4a460
-17,1.5,6,#f4a460
-17,1.5,7,#f4a460
-17,1.5,8,#f4a460
-17,1.5,9,#f4a460
-17,1.5,10,#f4a460
-17,1.5,11,#f4a460
-17,1.5,12,#f4a460
-17,1.5,13,#f4a460
-17,1.5,14,#f4a460
-17,1.5,15,#f4a460
-17,1.5,16,#f4a460
-17,1.5,17,#f4a460
-16,1.5,-17,#f4a460
-16,1.5,-16,#f4a460
-16,1.5,-15,#f4a460
-16,1.5,-14,#f4a460
-16,1.5,-13,#f4a460
-16,1.5,-12,#f4a460
-16,1.5,-11,#f4a460
-16,1.5,-10,#f4a460
-16,1.5,-9,#f4a460
-16,1.5,-8,#f4a460
-16,1.5,-7,#f4a460
-16,1.5,-6,#f4a460
-16,1.5,-5,#f4a460
-16,1.5,-4,#f4a460
-16,1.5,-3,#f4a460
-16,1.5,-2,#f4a460
-16,1.5,-1,#f4a460
-16,1.5,0,#f4a460
-16,1.5,1,#f4a460
-16,1.5,2,#f4a460
-16,1.5,3,#f4a460
-16,1.5,4,#f4a460
-16,1.5,5,#f4a460
-16,1.5,6,#f4a460
-16,1.5,7,#f4a460
-16,1.5,8,#f4a460
-16,1.5,9,#f4a460
-16,1.5,10,#f4a460
-16,1.5,11,#f4a460
-16,1.5,12,#f4a460
-16,1.5,13,#f4a460
-16,1.5,14,#f4a460
-16,1.5,15,#f4a460
-16,1.5,16,#f4a460
-16,1.5,17,#f4a460
-15,1.5,-17,#f4a460
-15,1.5,-16,#f4a460
-15,1.5,-15,#f4a460
-15,1.5,-14,#f4a460
-15,1.5,-13,#f4a460
-15,1.5,-12,#f4a460
-15,1.5,-11,#f4a460
-15,1.5,-10,#f4a460
-15,1.5,-9,#f4a460
-15,1.5,-8,#f4a460
-15,1.5,-7,#f4a460
-15,1.5,-6,#f4a460
-15,1.5,-5,#f4a460
-15,1.5,-4,#f4a460
-15,1.5,-3,#f4a460
-15,1.5,-2,#f4a460
-15,1.5,-1,#f4a460
-15,1.5,0,#f4a460
-15,1.5,1,#f4a460
-15,1.5,2,#f4a460
-15,1.5,3,#f4a460
-15,1.5,4,#f4a460
-15,1.5,5,#f4a460
-15,1.5,6,#f4a460
-15,1.5,7,#f4a460
-15,1.5,8,#f4a460
-15,1.5,9,#f4a460
-15,1.5,10,#f4a460
-15,1.5,11,#f4a460
-15,1.5,12,#f4a460
-15,1.5,13,#f4a460
-15,1.5,14,#f4a460
-15,1.5,15,#f4a460
-15,1.5,16,#f4a460
-15,1.5,17,#f4a460
-14,1.5,-17,#f4a460
-14,1.5,-16,#f4a460
-14,1.5,-15,#f4a460
-14,1.5,-14,#f4a460
-14,1.5,-13,#f4a460
-14,1.5,-12,#f4a460
-14,1.5,-11,#f4a460
-14,1.5,-10,#f4a460
-14,1.5,-9,#f4a460
-14,1.5,-8,#f4a460
-14,1.5,-7,#f4a460
-14,1.5,-6,#f4a460
-14,1.5,-5,#f4a460
-14,1.5,-4,#f4a460
-14,1.5,-3,#f4a460
-14,1.5,-2,#f4a460
-14,1.5,-1,#f4a460
-14,1.5,0,#f4a460
-14,1.5,1,#f4a460
-14,1.5,2,#f4a460
-14,1.5,3,#f4a460
-14,1.5,4,#f4a460
-14,1.5,5,#f4a460
-14,1.5,6,#f4a460
-14,1.5,7,#f4a460
-14,1.5,8,#f4a460
-14,1.5,9,#f4a460
-14,1.5,10,#f4a460
-14,1.5,11,#f4a460
-14,1.5,12,#f4a460
-14,1.5,13,#f4a460
-14,1.5,14,#f4a460
-14,1.5,15,#f4a460
-14,1.5,16,#f4a460
-14,1.5,17,#f4a460
-13,1.5,-17,#f4a460
-13,1.5,-16,#f4a460
-13,1.5,-15,#f4a460
-13,1.5,-14,#f4a460
-13,1.5,-13,#f4a460
-13,1.5,-12,#f4a460
-13,1.5,-11,#f4a460
-13,1.5,-10,#f4a460
-13,1.5,-9,#f4a460
-13,1.5,-8,#f4a460
-13,1.5,-7,#f4a460
-13,1.5,-6,#f4a460
-13,1.5,-5,#f4a460
-13,1.5,-4,#f4a460
-13,1.5,-3,#f4a460
-13,1.5,-2,#f4a460
-13,1.5,-1,#f4a460
-13,1.5,0,#f4a460
-13,1.5,1,#f4a460
-13,1.5,2,#f4a460
-13,1.5,3,#f4a460
-13,1.5,4,#f4a460
-13,1.5,5,#f4a460
-13,1.5,6,#f4a460
-13,1.5,7,#f4a460
-13,1.5,8,#f4a460
-13,1.5,9,#f4a460
-13,1.5,10,#f4a460
-13,1.5,11,#f4a460
-13,1.5,12,#f4a460
-13,1.5,13,#f4a460
-13,1.5,14,#f4a460
-13,1.5,15,#f4a460
-13,1.5,16,#f4a460
-13,1.5,17,#f4a460
-12,1.5,-17,#f4a460
-12,1.5,-16,#f4a460
-12,1.5,-15,#f4a460
-12,1.5,-14,#f4a460
-12,1.5,-13,#f4a460
-12,1.5,-12,#f4a460
-12,1.5,-11,#f4a460
-12,1.5,-10,#f4a460
-12,1.5,-9,#f4a460
-12,1.5,-8,#f4a460
-12,1.5,-7,#f4a460
-12,1.5,-6,#f4a460
-12,1.5,-5,#f4a460
-12,1.5,-4,#f4a460
-12,1.5,-3,#f4a460
-12,1.5,-2,#f4a460
-12,1.5,-1,#f4a460
-12,1.5,0,#f4a460
-12,1.5,1,#f4a460
-12,1.5,2,#f4a460
-12,1.5,3,#f4a460
-12,1.5,4,#f4a460
-12,1.5,5,#f4a460
-12,1.5,6,#f4a460
-12,1.5,7,#f4a460
-12,1.5,8,#f4a460
-12,1.5,9,#f4a460
-12,1.5,10,#f4a460
-12,1.5,11,#f4a460
-12,1.5,12,#f4a460
-12,1.5,13,#f4a460
-12,1.5,14,#f4a460
-12,1.5,15,#f4a460
-12,1.5,16,#f4a460
-12,1.5,17,#f4a460
-11,1.5,-17,#f4a460
-11,1.5,-16,#f4a460
-11,1.5,-15,#f4a460
-11,1.5,-14,#f4a460
-11,1.5,-13,#f4a460
-11,1.5,-12,#f4a460
-11,1.5,-11,#f4a460
-11,1.5,-10,#f4a460
-11,1.5,-9,#f4a460
-11,1.5,-8,#f4a460
-11,1.5,-7,#f4a460
-11,1.5,-6,#f4a460
-11,1.5,-5,#f4a460
-11,1.5,-4,#f4a460
-11,1.5,-3,#f4a460
-11,1.5,-2,#f4a460
-11,1.5,-1,#f4a460
-11,1.5,0,#f4a460
-11,1.5,1,#f4a460
-11,1.5,2,#f4a460
-11,1.5,3,#f4a460
-11,1.5,4,#f4a460
-11,1.5,5,#f4a460
-11,1.5,6,#f4a460
-11,1.5,7,#f4a460
-11,1.5,8,#f4a460
-11,1.5,9,#f4a460
-11,1.5,10,#f4a460
-11,1.5,11,#f4a460
-11,1.5,12,#f4a460
-11,1.5,13,#f4a460
-11,1.5,14,#f4a460
-11,1.5,15,#f4a460
-11,1.5,16,#f4a460
-11,1.5,17,#f4a460
-10,1.5,-17,#f4a460
-10,1.5,-16,#f4a460
-10,1.5,-15,#f4a460
-10,1.5,-14,#f4a460
-10,1.5,-13,#f4a460
-10,1.5,-12,#f4a460
-10,1.5,-11,#f4a460
-10,1.5,-10,#f4a460
-10,1.5,-9,#f4a460
-10,1.5,-8,#f4a460
-10,1.5,-7,#f4a460
-10,1.5,-6,#f4a460
-10,1.5,-5,#f4a460
-10,1.5,-4,#f4a460
-10,1.5,-3,#f4a460
-10,1.5,-2,#f4a460
-10,1.5,-1,#f4a460
-10,1.5,0,#f4a460
-10,1.5,1,#f4a460
-10,1.5,2,#f4a460
-10,1.5,3,#f4a460
-10,1.5,4,#f4a460
-10,1.5,5,#f4a460
-10,1.5,6,#f4a460
-10,1.5,7,#f4a460
-10,1.5,8,#f4a460
-10,1.5,9,#f4a460
-10,1.5,10,#f4a460
-10,1.5,11,#f4a460
-10,1.5,12,#f4a460
-10,1.5,13,#f4a460
-10,1.5,14,#f4a460
-10,1.5,15,#f4a460
-10,1.5,16,#f4a460
-10,1.5,17,#f4a460
-9,1.5,-17,#f4a460
-9,1.5,-16,#f4a460
-9,1.5,-15,#f4a460
-9,1.5,-14,#f4a460
-9,1.5,-13,#f4a460
-9,1.5,-12,#f4a460
-9,1.5,-11,#f4a460
-9,1.5,-10,#f4a460
-9,1.5,-9,#f4a460
-9,1.5,-8,#f4a460
-9,1.5,-7,#f4a460
-9,1.5,-6,#f4a460
-9,1.5,-5,#f4a460
-9,1.5,-4,#f4a460
-9,1.5,-3,#f4a460
-9,1.5,-2,#f4a460
-9,1.5,-1,#f4a460
-9,1.5,0,#f4a460
-9,1.5,1,#f4a460
-9,1.5,2,#f4a460
-9,1.5,3,#f4a460
-9,1.5,4,#f4a460
-9,1.5,5,#f4a460
-9,1.5,6,#f4a460
-9,1.5,7,#f4a460
-9,1.5,8,#f4a460
-9,1.5,9,#f4a460
-9,1.5,10,#f4a460
-9,1.5,11,#f4a460
-9,1.5,12,#f4a460
-9,1.5,13,#f4a460
-9,1.5,14,#f4a460
-9,1.5,15,#f4a460
-9,1.5,16,#f4a460
-9,1.5,17,#f4a460
-8,1.5,-17,#f4a460
-8,1.5,-16,#f4a460
-8,1.5,-15,#f4a460
-8,1.5,-14,#f4a460
-8,1.5,-13,#f4a460
-8,1.5,-12,#f4a460
-8,1.5,-11,#f4a460
-8,1.5,-10,#f4a460
-8,1.5,-9,#f4a460
-8,1.5,-8,#f4a460
-8,1.5,-7,#f4a460
-8,1.5,-6,#f4a460
-8,1.5,-5,#f4a460
-8,1.5,-4,#f4a460
-8,1.5,-3,#f4a460
-8,1.5,-2,#f4a460
-8,1.5,-1,#f4a460
-8,1.5,0,#f4a460
-8,1.5,1,#f4a460
-8,1.5,2,#f4a460
-8,1.5,3,#f4a460
-8,1.5,4,#f4a460
-8,1.5,5,#f4a460
-8,1.5,6,#f4a460
-8,1.5,7,#f4a460
-8,1.5,8,#f4a460
-8,1.5,9,#f4a460
-8,1.5,10,#f4a460
-8,1.5,11,#f4a460
-8,1.5,12,#f4a460
-8,1.5,13,#f4a460
-8,1.5,14,#f4a460
-8,1.5,15,#f4a460
-8,1.5,16,#f4a460
-8,1.5,17,#f4a460
-7,1.5,-17,#f4a460
-7,1.5,-16,#f4a460
-7,1.5,-15,#f4a460
-7,1.5,-14,#f4a460
-7,1.5,-13,#f4a460
-7,1.5,-12,#f4a460
-7,1.5,-11,#f4a460
-7,1.5,-10,#f4a460
-7,1.5,-9,#f4a460
-7,1.5,-8,#f4a460
-7,1.5,-7,#f4a460
-7,1.5,-6,#f4a460
-7,1.5,-5,#f4a460
-7,1.5,-4,#f4a460
-7,1.5,-3,#f4a460
-7,1.5,-2,#f4a460
-7,1.5,-1,#f4a460
-7,1.5,0,#f4a460
-7,1.5,1,#f4a460
-7,1.5,2,#f4a460
-7,1.5,3,#f4a460
-7,1.5,4,#f4a460
-7,1.5,5,#f4a460
-7,1.5,6,#f4a460
-7,1.5,7,#f4a460
-7,1.5,8,#f4a460
-7,1.5,9,#f4a460
-7,1.5,10,#f4a460
-7,1.5,11,#f4a460
-7,1.5,12,#f4a460
-7,1.5,13,#f4a460
-7,1.5,14,#f4a460
-7,1.5,15,#f4a460
-7,1.5,16,#f4a460
-7,1.5,17,#f4a460
10,1.5,-17,#f4a460
10,1.5,-16,#f4a460
10,1.5,-15,#f4a460
10,1.5,-14,#f4a460
10,1.5,-13,#f4a460
10,1.5,-12,#f4a460
10,1.5,-11,#f4a460
10,1.5,-10,#f4a460
10,1.5,-9,#f4a460
10,1.5,-8,#f4a460
10,1.5,-7,#f4a460
10,1.5,-6,#f4a460
10,1.5,-5,#f4a460
10,1.5,-4,#f4a460
10,1.5,-3,#f4a460
10,1.5,-2,#f4a460
10,1.5,-1,#f4a460
10,1.5,0,#f4a460
10,1.5,1,#f4a460
10,1.5,2,#f4a460
10,1.5,3,#f4a460
10,1.5,4,#f4a460
10,1.5,5,#f4a460
10,1.5,6,#f4a460
10,1.5,7,#f4a460
10,1.5,8,#f4a460
10,1.5,9,#f4a460
10,1.5,10,#f4a460
10,1.5,11,#f4a460
10,1.5,12,#f4a460
10,1.5,13,#f4a460
10,1.5,14,#f4a460
10,1.5,15,#f4a460
10,1.5,16,#f4a460
10,1.5,17,#f4a460
11,1.5,-17,#f4a460
11,1.5,-16,#f4a460
11,1.5,-15,#f4a460
11,1.5,-14,#f4a460
11,1.5,-13,#f4a460
11,1.5,-12,#f4a460
11,1.5,-11,#f4a460
11,1.5,-10,#f4a460
11,1.5,-9,#f4a460
11,1.5,-8,#f4a460
11,1.5,-7,#f4a460
11,1.5,-6,#f4a460
11,1.5,-5,#f4a460
11,1.5,-4,#f4a460
11,1.5,-3,#f4a460
11,1.5,-2,#f4a460
11,1.5,-1,#f4a460
11,1.5,0,#f4a460
11,1.5,1,#f4a460
11,1.5,2,#f4a460
11,1.5,3,#f4a460
11,1.5,4,#f4a460
11,1.5,5,#f4a460
11,1.5,6,#f4a460
11,1.5,7,#f4a460
11,1.5,8,#f4a460
11,1.5,9,#f4a460
11,1.5,10,#f4a460
11,1.5,11,#f4a460
11,1.5,12,#f4a460
11,1.5,13,#f4a460
11,1.5,14,#f4a460
11,1.5,15,#f4a460
11,1.5,16,#f4a460
11,1.5,17,#f4a460
12,1.5,-17,#f4a460
12,1.5,-16,#f4a460
12,1.5,-15,#f4a460
12,1.5,-14,#f4a460
12,1.5,-13,#f4a460
12,1.5,-12,#f4a460
12,1.5,-11,#f4a460
12,1.5,-10,#f4a460
12,1.5,-9,#f4a460
12,1.5,-8,#f4a460
12,1.5,-7,#f4a460
12,1.5,-6,#f4a460
12,1.5,-5,#f4a460
12,1.5,-4,#f4a460
12,1.5,-3,#f4a460
12,1.5,-2,#f4a460
12,1.5,-1,#f4a460
12,1.5,0,#f4a460
12,1.5,1,#f4a460
12,1.5,2,#f4a460
12,1.5,3,#f4a460
12,1.5,4,#f4a460
12,1.5,5,#f4a460
12,1.5,6,#f4a460
12,1.5,7,#f4a460
12,1.5,8,#f4a460
12,1.5,9,#f4a460
12,1.5,10,#f4a460
12,1.5,11,#f4a460
12,1.5,12,#f4a460
12,1.5,13,#f4a460
12,1.5,14,#f4a460
12,1.5,15,#f4a460
12,1.5,16,#f4a460
12,1.5,17,#f4a460
13,1.5,-17,#f4a460
13,1.5,-16,#f4a460
13,1.5,-15,#f4a460
13,1.5,-14,#f4a460
13,1.5,-13,#f4a460
13,1.5,-12,#f4a460
13,1.5,-11,#f4a460
13,1.5,-10,#f4a460
13,1.5,-9,#f4a460
13,1.5,-8,#f4a460
13,1.5,-7,#f4a460
13,1.5,-6,#f4a460
13,1.5,-5,#f4a460
13,1.5,-4,#f4a460
13,1.5,-3,#f4a460
13,1.5,-2,#f4a460
13,1.5,-1,#f4a460
13,1.5,0,#f4a460
13,1.5,1,#f4a460
13,1.5,2,#f4a460
13,1.5,3,#f4a460
13,1.5,4,#f4a460
13,1.5,5,#f4a460
13,1.5,6,#f4a460
13,1.5,7,#f4a460
13,1.5,8,#f4a460
13,1.5,9,#f4a460
13,1.5,10,#f4a460
13,1.5,11,#f4a460
13,1.5,12,#f4a460
13,1.5,13,#f4a460
13,1.5,14,#f4a460
13,1.5,15,#f4a460
13,1.5,16,#f4a460
13,1.5,17,#f4a460
14,1.5,-17,#f4a460
14,1.5,-16,#f4a460
14,1.5,-15,#f4a460
14,1.5,-14,#f4a460
14,1.5,-13,#f4a460
14,1.5,-12,#f4a460
14,1.5,-11,#f4a460
14,1.5,-10,#f4a460
14,1.5,-9,#f4a460
14,1.5,-8,#f4a460
14,1.5,-7,#f4a460
14,1.5,-6,#f4a460
14,1.5,-5,#f4a460
14,1.5,-4,#f4a460
14,1.5,-3,#f4a460
14,1.5,-2,#f4a460
14,1.5,-1,#f4a460
14,1.5,0,#f4a460
14,1.5,1,#f4a460
14,1.5,2,#f4a460
14,1.5,3,#f4a460
14,1.5,4,#f4a460
14,1.5,5,#f4a460
14,1.5,6,#f4a460
14,1.5,7,#f4a460
14,1.5,8,#f4a460
14,1.5,9,#f4a460
14,1.5,10,#f4a460
14,1.5,11,#f4a460
14,1.5,12,#f4a460
14,1.5,13,#f4a460
14,1.5,14,#f4a460
14,1.5,15,#f4a460
14,1.5,16,#f4a460
14,1.5,17,#f4a460
15,1.5,-17,#f4a460
15,1.5,-16,#f4a460
15,1.5,-15,#f4a460
15,1.5,-14,#f4a460
15,1.5,-13,#f4a460
15,1.5,-12,#f4a460
15,1.5,-11,#f4a460
15,1.5,-10,#f4a460
15,1.5,-9,#f4a460
15,1.5,-8,#f4a460
15,1.5,-7,#f4a460
15,1.5,-6,#f4a460
15,1.5,-5,#f4a460
15,1.5,-4,#f4a460
15,1.5,-3,#f4a460
15,1.5,-2,#f4a460
15,1.5,-1,#f4a460
15,1.5,0,#f4a460
15,1.5,1,#f4a460
15,1.5,2,#f4a460
15,1.5,3,#f4a460
15,1.5,4,#f4a460
15,1.5,5,#f4a460
15,1.5,6,#f4a460
15,1.5,7,#f4a460
15,1.5,8,#f4a460
15,1.5,9,#f4a460
15,1.5,10,#f4a460
15,1.5,11,#f4a460
15,1.5,12,#f4a460
15,1.5,13,#f4a460
15,1.5,14,#f4a460
15,1.5,15,#f4a460
15,1.5,16,#f4a460
15,1.5,17,#f4a460
16,1.5,-17,#f4a460
16,1.5,-16,#f4a460
16,1.5,-15,#f4a460
16,1.5,-14,#f4a460
16,1.5,-13,#f4a460
16,1.5,-12,#f4a460
16,1.5,-11,#f4a460
16,1.5,-10,#f4a460
16,1.5,-9,#f4a460
16,1.5,-8,#f4a460
16,1.5,-7,#f4a460
16,1.5,-6,#f4a460
16,1.5,-5,#f4a460
16,1.5,-4,#f4a460
16,1.5,-3,#f4a460
16,1.5,-2,#f4a460
16,1.5,-1,#f4a460
16,1.5,0,#f4a460
16,1.5,1,#f4a460
16,1.5,2,#f4a460
16,1.5,3,#f4a460
16,1.5,4,#f4a460
16,1.5,5,#f4a460
16,1.5,6,#f4a460
16,1.5,7,#f4a460
16,1.5,8,#f4a460
16,1.5,9,#f4a460
16,1.5,10,#f4a460
16,1.5,11,#f4a460
16,1.5,12,#f4a460
16,1.5,13,#f4a460
16,1.5,14,#f4a460
16,1.5,15,#f4a460
16,1.5,16,#f4a460
16,1.5,17,#f4a460
17,1.5,-17,#f4a460
17,1.5,-16,#f4a460
17,1.5,-15,#f4a460
17,1.5,-14,#f4a460
17,1.5,-13,#f4a460
17,1.5,-12,#f4a460
17,1.5,-11,#f4a460
17,1.5,-10,#f4a460
17,1.5,-9,#f4a460
17,1.5,-8,#f4a460
17,1.5,-7,#f4a460
17,1.5,-6,#f4a460
17,1.5,-5,#f4a460
17,1.5,-4,#f4a460
17,1.5,-3,#f4a460
17,1.5,-2,#f4a460
17,1.5,-1,#f4a460
17,1.5,0,#f4a460
17,1.5,1,#f4a460
17,1.5,2,#f4a460
17,1.5,3,#f4a460
17,1.5,4,#f4a460
17,1.5,5,#f4a460
17,1.5,6,#f4a460
17,1.5,7,#f4a460
17,1.5,8,#f4a460
17,1.5,9,#f4a460
17,1.5,10,#f4a460
17,1.5,11,#f4a460
17,1.5,12,#f4a460
17,1.5,13,#f4a460
17,1.5,14,#f4a460
17,1.5,15,#f4a460
17,1.5,16,#f4a460
17,1.5,17,#f4a460
-17,2.5,-17,#deb887
-17,2.5,-16,#deb887
-17,2.5,-15,#deb887
-17,2.5,-14,#deb887
-17,2.5,-13,#deb887
-17,2.5,-12,#deb887
-17,2.5,-11,#deb887
-17,2.5,-10,#deb887
-17,2.5,-9,#deb887
-17,2.5,-8,#deb887
-17,2.5,-7,#deb887
-17,2.5,-6,#deb887
-17,2.5,-5,#deb887
-17,2.5,-4,#deb887
-17,2.5,-3,#deb887
-17,2.5,-2,#deb887
-17,2.5,-1,#deb887
-17,2.5,0,#deb887
-17,2.5,1,#deb887
-17,2.5,2,#deb887
-17,2.5,3,#deb887
-17,2.5,4,#deb887
-17,2.5,5,#deb887
-17,2.5,6,#deb887
-17,2.5,7,#deb887
-17,2.5,8,#deb887
-17,2.5,9,#deb887
-17,2.5,10,#deb887
-17,2.5,11,#deb887
-17,2.5,12,#deb887
-17,2.5,13,#deb887
-17,2.5,14,#deb887
-17,2.5,15,#deb887
-17,2.5,16,#deb887
-17,2.5,17,#deb887
-16,2.5,-17,#deb887
-16,2.5,-16,#deb887
-16,2.5,-15,#deb887
-16,2.5,-14,#deb887
-16,2.5,-13,#deb887
-16,2.5,-12,#deb887
-16,2.5,-11,#deb887
-16,2.5,-10,#deb887
-16,2.5,-9,#deb887
-16,2.5,-8,#deb887
-16,2.5,-7,#deb887
-16,2.5,-6,#deb887
-16,2.5,-5,#deb887
-16,2.5,-4,#deb887
-16,2.5,-3,#deb887
-16,2.5,-2,#deb887
-16,2.5,-1,#deb887
-16,2.5,0,#deb887
-16,2.5,1,#deb887
-16,2.5,2,#deb887
-16,2.5,3,#deb887
-16,2.5,4,#deb887
-16,2.5,5,#deb887
-16,2.5,6,#deb887
-16,2.5,7,#deb887
-16,2.5,8,#deb887
-16,2.5,9,#deb887
-16,2.5,10,#deb887
-16,2.5,11,#deb887
-16,2.5,12,#deb887
-16,2.5,13,#deb887
-16,2.5,14,#deb887
-16,2.5,15,#deb887
-16,2.5,16,#deb887
-16,2.5,17,#deb887
-15,2.5,-17,#deb887
-15,2.5,-16,#deb887
-15,2.5,-15,#deb887
-15,2.5,-14,#deb887
-15,2.5,-13,#deb887
-15,2.5,-12,#deb887
-15,2.5,-11,#deb887
-15,2.5,-10,#deb887
-15,2.5,-9,#deb887
-15,2.5,-8,#deb887
-15,2.5,-7,#deb887
-15,2.5,-6,#deb887
-15,2.5,-5,#deb887
-15,2.5,-4,#deb887
-15,2.5,-3,#deb887
-15,2.5,-2,#deb887
-15,2.5,-1,#deb887
-15,2.5,0,#deb887
-15,2.5,1,#deb887
-15,2.5,2,#deb887
-15,2.5,3,#deb887
-15,2.5,4,#deb887
-15,2.5,5,#deb887
-15,2.5,6,#deb887
-15,2.5,7,#deb887
-15,2.5,8,#deb887
-15,2.5,9,#deb887
-15,2.5,10,#deb887
-15,2.5,11,#deb887
-15,2.5,12,#deb887
-15,2.5,13,#deb887
-15,2.5,14,#deb887
-15,2.5,15,#deb887
-15,2.5,16,#deb887
-15,2.5,17,#deb887
-14,2.5,-17,#deb887
-14,2.5,-16,#deb887
-14,2.5,-15,#deb887
-14,2.5,-14,#deb887
-14,2.5,-13,#deb887
-14,2.5,-12,#deb887
-14,2.5,-11,#deb887
-14,2.5,-10,#deb887
-14,2.5,-9,#deb887
-14,2.5,-8,#deb887
-14,2.5,-7,#deb887
-14,2.5,-6,#deb887
-14,2.5,-5,#deb887
-14,2.5,-4,#deb887
-14,2.5,-3,#deb887
-14,2.5,-2,#deb887
-14,2.5,-1,#deb887
-14,2.5,0,#deb887
-14,2.5,1,#deb887
-14,2.5,2,#deb887
-14,2.5,3,#deb887
-14,2.5,4,#deb887
-14,2.5,5,#deb887
-14,2.5,6,#deb887
-14,2.5,7,#deb887
-14,2.5,8,#deb887
-14,2.5,9,#deb887
-14,2.5,10,#deb887
-14,2.5,11,#deb887
-14,2.5,12,#deb887
-14,2.5,13,#deb887
-14,2.5,14,#deb887
-14,2.5,15,#deb887
-14,2.5,16,#deb887
-14,2.5,17,#deb887
-13,2.5,-17,#deb887
-13,2.5,-16,#deb887
-13,2.5,-15,#deb887
-13,2.5,-14,#deb887
-13,2.5,-13,#deb887
-13,2.5,-12,#deb887
-13,2.5,-11,#deb887
-13,2.5,-10,#deb887
-13,2.5,-9,#deb887
-13,2.5,-8,#deb887
-13,2.5,-7,#deb887
-13,2.5,-6,#deb887
-13,2.5,-5,#deb887
-13,2.5,-4,#deb887
-13,2.5,-3,#deb887
-13,2.5,-2,#deb887
-13,2.5,-1,#deb887
-13,2.5,0,#deb887
-13,2.5,1,#deb887
-13,2.5,2,#deb887
-13,2.5,3,#deb887
-13,2.5,4,#deb887
-13,2.5,5,#deb887
-13,2.5,6,#deb887
-13,2.5,7,#deb887
-13,2.5,8,#deb887
-13,2.5,9,#deb887
-13,2.5,10,#deb887
-13,2.5,11,#deb887
-13,2.5,12,#deb887
-13,2.5,13,#deb887
-13,2.5,14,#deb887
-13,2.5,15,#deb887
-13,2.5,16,#deb887
-13,2.5,17,#deb887
15,2.5,-17,#deb887
15,2.5,-16,#deb887
15,2.5,-15,#deb887
15,2.5,-14,#deb887
15,2.5,-13,#deb887
15,2.5,-12,#deb887
15,2.5,-11,#deb887
15,2.5,-10,#deb887
15,2.5,-9,#deb887
15,2.5,-8,#deb887
15,2.5,-7,#deb887
15,2.5,-6,#deb887
15,2.5,-5,#deb887
15,2.5,-4,#deb887
15,2.5,-3,#deb887
15,2.5,-2,#deb887
15,2.5,-1,#deb887
15,2.5,0,#deb887
15,2.5,1,#deb887
15,2.5,2,#deb887
15,2.5,3,#deb887
15,2.5,4,#deb887
15,2.5,5,#deb887
15,2.5,6,#deb887
15,2.5,7,#deb887
15,2.5,8,#deb887
15,2.5,9,#deb887
15,2.5,10,#deb887
15,2.5,11,#deb887
15,2.5,12,#deb887
15,2.5,13,#deb887
15,2.5,14,#deb887
15,2.5,15,#deb887
15,2.5,16,#deb887
15,2.5,17,#deb887
16,2.5,-17,#deb887
16,2.5,-16,#deb887
16,2.5,-15,#deb887
16,2.5,-14,#deb887
16,2.5,-13,#deb887
16,2.5,-12,#deb887
16,2.5,-11,#deb887
16,2.5,-10,#deb887
16,2.5,-9,#deb887
16,2.5,-8,#deb887
16,2.5,-7,#deb887
16,2.5,-6,#deb887
16,2.5,-5,#deb887
16,2.5,-4,#deb887
16,2.5,-3,#deb887
16,2.5,-2,#deb887
16,2.5,-1,#deb887
16,2.5,0,#deb887
16,2.5,1,#deb887
16,2.5,2,#deb887
16,2.5,3,#deb887
16,2.5,4,#deb887
16,2.5,5,#deb887
16,2.5,6,#deb887
16,2.5,7,#deb887
16,2.5,8,#deb887
16,2.5,9,#deb887
16,2.5,10,#deb887
16,2.5,11,#deb887
16,2.5,12,#deb887
16,2.5,13,#deb887
16,2.5,14,#deb887
16,2.5,15,#deb887
16,2.5,16,#deb887
16,2.5,17,#deb887
17,2.5,-17,#deb887
17,2.5,-16,#deb887
17,2.5,-15,#deb887
17,2.5,-14,#deb887
17,2.5,-13,#deb887
17,2.5,-12,#deb887
17,2.5,-11,#deb887
17,2.5,-10,#deb887
17,2.5,-9,#deb887
17,2.5,-8,#deb887
17,2.5,-7,#deb887
17,2.5,-6,#deb887
17,2.5,-5,#deb887
17,2.5,-4,#deb887
17,2.5,-3,#deb887
17,2.5,-2,#deb887
17,2.5,-1,#deb887
17,2.5,0,#deb887
17,2.5,1,#deb887
17,2.5,2,#deb887
17,2.5,3,#deb887
17,2.5,4,#deb887
17,2.5,5,#deb887
17,2.5,6,#deb887
17,2.5,7,#deb887
17,2.5,8,#deb887
17,2.5,9,#deb887
17,2.5,10,#deb887
17,2.5,11,#deb887
17,2.5,12,#deb887
17,2.5,13,#deb887
17,2.5,14,#deb887
17,2.5,15,#deb887
17,2.5,16,#deb887
17,2.5,17,#deb887
-12,2.5,-17,#deb887
-12,2.5,-16,#deb887
-12,2.5,-15,#deb887
-11,2.5,-15,#deb887
-12,2.5,-14,#deb887
-11,2.5,-14,#deb887
-12,2.5,-13,#deb887
-11,2.5,-13,#deb887
-10,2.5,-13,#deb887
-12,2.5,-12,#deb887
-11,2.5,-12,#deb887
-10,2.5,-12,#deb887
-12,2.5,-11,#deb887
-11,2.5,-11,#deb887
-10,2.5,-11,#deb887
-12,2.5,-10,#deb887
-11,2.5,-10,#deb887
-10,2.5,-10,#deb887
-9,2.5,-10,#deb887
-12,2.5,-9,#deb887
-10,2.5,-9,#deb887
-11,2.5,-9,#deb887
-9,2.5,-9,#deb887
-9,2.5,-8,#deb887
-10,2.5,-8,#deb887
-11,2.5,-8,#deb887
-12,2.5,-8,#deb887
-12,2.5,-7,#deb887
-11,2.5,-7,#deb887
-10,2.5,-7,#deb887
-9,2.5,-7,#deb887
-9,2.5,-6,#deb887
-10,2.5,-6,#deb887
-11,2.5,-6,#deb887
-12,2.5,-6,#deb887
-12,2.5,-5,#deb887
-11,2.5,-5,#deb887
-10,2.5,-5,#deb887
-9,2.5,-5,#deb887
-9,2.5,-4,#deb887
-10,2.5,-4,#deb887
-11,2.5,-4,#deb887
-12,2.5,-4,#deb887
-12,2.5,-3,#deb887
-11,2.5,-3,#deb887
-10,2.5,-3,#deb887
-9,2.5,-3,#deb887
-9,2.5,-2,#deb887
-10,2.5,-2,#deb887
-11,2.5,-2,#deb887
-12,2.5,-2,#deb887
-12,2.5,-1,#deb887
-11,2.5,-1,#deb887
-10,2.5,-1,#deb887
-10,2.5,0,#deb887
-11,2.5,0,#deb887
-12,2.5,0,#deb887
-12,2.5,1,#deb887
-11,2.5,1,#deb887
-10,2.5,1,#deb887
-10,2.5,2,#deb887
-11,2.5,2,#deb887
-12,2.5,2,#deb887
-12,2.5,3,#deb887
-11,2.5,3,#deb887
-10,2.5,3,#deb887
-10,2.5,4,#deb887
-11,2.5,4,#deb887
-12,2.5,4,#deb887
-12,2.5,5,#deb887
-11,2.5,5,#deb887
-10,2.5,5,#deb887
-10,2.5,6,#deb887
-11,2.5,6,#deb887
-12,2.5,6,#deb887
-12,2.5,7,#deb887
-11,2.5,7,#deb887
-12,2.5,8,#deb887
-6,1.5,-15,#f4a460
-6,1.5,-14,#f4a460
-5,1.5,-14,#f4a460
-6,1.5,-13,#f4a460
-5,1.5,-13,#f4a460
-4,1.5,-13,#f4a460
-4,1.5,-12,#f4a460
-5,1.5,-12,#f4a460
-6,1.5,-12,#f4a460
-6,1.5,-11,#f4a460
-5,1.5,-11,#f4a460
-4,1.5,-11,#f4a460
-4,1.5,-10,#f4a460
-5,1.5,-10,#f4a460
-6,1.5,-10,#f4a460
-6,1.5,-9,#f4a460
-5,1.5,-9,#f4a460
-4,1.5,-9,#f4a460
-4,1.5,-8,#f4a460
-5,1.5,-8,#f4a460
-6,1.5,-8,#f4a460
-6,1.5,-7,#f4a460
-5,1.5,-7,#f4a460
-4,1.5,-7,#f4a460
-3,1.5,-7,#f4a460
-2,1.5,-6,#f4a460
-3,1.5,-6,#f4a460
-4,1.5,-6,#f4a460
-5,1.5,-6,#f4a460
-6,1.5,-6,#f4a460
-6,1.5,-5,#f4a460
-5,1.5,-5,#f4a460
-4,1.5,-5,#f4a460
-3,1.5,-5,#f4a460
-2,1.5,-5,#f4a460
-1,1.5,-5,#f4a460
-1,1.5,-4,#f4a460
-2,1.5,-4,#f4a460
-3,1.5,-4,#f4a460
-4,1.5,-4,#f4a460
-5,1.5,-4,#f4a460
-6,1.5,-4,#f4a460
-6,1.5,-3,#f4a460
-5,1.5,-3,#f4a460
-4,1.5,-3,#f4a460
-3,1.5,-3,#f4a460
-2,1.5,-3,#f4a460
-1,1.5,-3,#f4a460
-1,1.5,-2,#f4a460
-2,1.5,-2,#f4a460
-3,1.5,-2,#f4a460
-4,1.5,-2,#f4a460
-5,1.5,-2,#f4a460
-6,1.5,-2,#f4a460
-6,1.5,-1,#f4a460
-5,1.5,-1,#f4a460
-4,1.5,-1,#f4a460
-3,1.5,-1,#f4a460
-2,1.5,-1,#f4a460
-1,1.5,-1,#f4a460
-1,1.5,0,#f4a460
-2,1.5,0,#f4a460
-3,1.5,0,#f4a460
-4,1.5,0,#f4a460
-5,1.5,0,#f4a460
-6,1.5,0,#f4a460
-6,1.5,1,#f4a460
-5,1.5,1,#f4a460
-4,1.5,1,#f4a460
-3,1.5,1,#f4a460
-2,1.5,1,#f4a460
-1,1.5,1,#f4a460
-2,1.5,2,#f4a460
-3,1.5,2,#f4a460
-4,1.5,2,#f4a460
-5,1.5,2,#f4a460
-6,1.5,2,#f4a460
-6,1.5,3,#f4a460
-5,1.5,3,#f4a460
-4,1.5,3,#f4a460
-3,1.5,3,#f4a460
-3,1.5,4,#f4a460
-4,1.5,4,#f4a460
-5,1.5,4,#f4a460
-6,1.5,4,#f4a460
-6,1.5,5,#f4a460
-5,1.5,5,#f4a460
-4,1.5,5,#f4a460
-3,1.5,5,#f4a460
-3,1.5,6,#f4a460
-4,1.5,6,#f4a460
-5,1.5,6,#f4a460
-6,1.5,6,#f4a460
-6,1.5,7,#f4a460
-5,1.5,7,#f4a460
-4,1.5,7,#f4a460
-3,1.5,7,#f4a460
-6,1.5,12,#f4a460
-6,1.5,11,#f4a460
-5,1.5,11,#f4a460
-6,1.5,10,#f4a460
-5,1.5,10,#f4a460
-4,1.5,10,#f4a460
-6,1.5,9,#f4a460
-5,1.5,9,#f4a460
-4,1.5,9,#f4a460
-6,1.5,8,#f4a460
-5,1.5,8,#f4a460
-4,1.5,8,#f4a460
-3,1.5,8,#f4a460
14,2.5,-17,#deb887
13,2.5,-17,#deb887
12,2.5,-17,#deb887
12,2.5,-16,#deb887
13,2.5,-16,#deb887
14,2.5,-16,#deb887
14,2.5,-15,#deb887
13,2.5,-15,#deb887
12,2.5,-15,#deb887
12,2.5,-14,#deb887
13,2.5,-14,#deb887
14,2.5,-14,#deb887
14,2.5,-13,#deb887
13,2.5,-13,#deb887
12,2.5,-13,#deb887
13,2.5,-12,#deb887
12,2.5,-12,#deb887
14,2.5,-12,#deb887
14,2.5,-11,#deb887
14,2.5,-10,#deb887
14,2.5,-9,#deb887
14,2.5,-8,#deb887
14,2.5,-7,#deb887
14,2.5,-6,#deb887
14,2.5,4,#deb887
14,2.5,5,#deb887
14,2.5,6,#deb887
14,2.5,7,#deb887
14,2.5,8,#deb887
14,2.5,9,#deb887
13,2.5,9,#deb887
14,2.5,10,#deb887
13,2.5,10,#deb887
14,2.5,11,#deb887
13,2.5,11,#deb887
14,2.5,12,#deb887
13,2.5,12,#deb887
14,2.5,13,#deb887
13,2.5,13,#deb887
14,2.5,14,#deb887
13,2.5,14,#deb887
13,2.5,15,#deb887
12,2.5,15,#deb887
14,2.5,15,#deb887
14,2.5,16,#deb887
13,2.5,16,#deb887
12,2.5,16,#deb887
12,2.5,17,#deb887
13,2.5,17,#deb887
14,2.5,17,#deb887
9,1.5,-17,#f4a460
8,1.5,-17,#f4a460
7,1.5,-17,#f4a460
6,1.5,-17,#f4a460
5,1.5,-17,#f4a460
4,1.5,-17,#f4a460
3,1.5,-17,#f4a460
3,1.5,-16,#f4a460
4,1.5,-16,#f4a460
5,1.5,-16,#f4a460
6,1.5,-16,#f4a460
7,1.5,-16,#f4a460
8,1.5,-16,#f4a460
9,1.5,-16,#f4a460
9,1.5,-15,#f4a460
8,1.5,-15,#f4a460
7,1.5,-15,#f4a460
6,1.5,-15,#f4a460
5,1.5,-15,#f4a460
4,1.5,-15,#f4a460
5,1.5,-14,#f4a460
6,1.5,-14,#f4a460
7,1.5,-14,#f4a460
8,1.5,-14,#f4a460
9,1.5,-14,#f4a460
9,1.5,-13,#f4a460
8,1.5,-13,#f4a460
7,1.5,-13,#f4a460
6,1.5,-13,#f4a460
6,1.5,-12,#f4a460
7,1.5,-12,#f4a460
8,1.5,-12,#f4a460
9,1.5,-12,#f4a460
9,1.5,-11,#f4a460
8,1.5,-11,#f4a460
7,1.5,-11,#f4a460
6,1.5,-11,#f4a460
6,1.5,-10,#f4a460
7,1.5,-10,#f4a460
8,1.5,-10,#f4a460
9,1.5,-10,#f4a460
9,1.5,-9,#f4a460
8,1.5,-9,#f4a460
7,1.5,-9,#f4a460
6,1.5,-9,#f4a460
6,1.5,-8,#f4a460
7,1.5,-8,#f4a460
8,1.5,-8,#f4a460
9,1.5,-8,#f4a460
9,1.5,-7,#f4a460
8,1.5,-7,#f4a460
7,1.5,-7,#f4a460
8,1.5,-6,#f4a460
9,1.5,-6,#f4a460
9,1.5,-5,#f4a460
9,1.5,-4,#f4a460
9,1.5,-3,#f4a460
9,1.5,-2,#f4a460
9,1.5,-1,#f4a460
9,1.5,0,#f4a460
9,1.5,1,#f4a460
9,1.5,2,#f4a460
8,1.5,2,#f4a460
8,1.5,3,#f4a460
9,1.5,3,#f4a460
7,1.5,3,#f4a460
7,1.5,4,#f4a460
8,1.5,4,#f4a460
9,1.5,4,#f4a460
9,1.5,5,#f4a460
8,1.5,5,#f4a460
7,1.5,5,#f4a460
7,1.5,6,#f4a460
8,1.5,6,#f4a460
9,1.5,6,#f4a460
9,1.5,7,#f4a460
7,1.5,7,#f4a460
8,1.5,7,#f4a460
9,1.5,8,#f4a460
8,1.5,8,#f4a460
7,1.5,8,#f4a460
6,1.5,9,#f4a460
7,1.5,9,#f4a460
8,1.5,9,#f4a460
9,1.5,9,#f4a460
9,1.5,10,#f4a460
8,1.5,10,#f4a460
7,1.5,10,#f4a460
6,1.5,10,#f4a460
5,1.5,11,#f4a460
6,1.5,11,#f4a460
7,1.5,11,#f4a460
8,1.5,11,#f4a460
9,1.5,11,#f4a460
9,1.5,12,#f4a460
8,1.5,12,#f4a460
7,1.5,12,#f4a460
6,1.5,12,#f4a460
5,1.5,12,#f4a460
4,1.5,12,#f4a460
3,1.5,13,#f4a460
3,1.5,14,#f4a460
3,1.5,15,#f4a460
3,1.5,16,#f4a460
3,1.5,17,#f4a460
4,1.5,17,#f4a460
5,1.5,17,#f4a460
6,1.5,17,#f4a460
7,1.5,17,#f4a460
8,1.5,17,#f4a460
9,1.5,17,#f4a460
9,1.5,16,#f4a460
9,1.5,15,#f4a460
9,1.5,14,#f4a460
9,1.5,13,#f4a460
8,1.5,13,#f4a460
7,1.5,13,#f4a460
6,1.5,13,#f4a460
5,1.5,13,#f4a460
4,1.5,13,#f4a460
4,1.5,14,#f4a460
4,1.5,15,#f4a460
4,1.5,16,#f4a460
5,1.5,16,#f4a460
6,1.5,16,#f4a460
7,1.5,16,#f4a460
8,1.5,16,#f4a460
8,1.5,15,#f4a460
8,1.5,14,#f4a460
7,1.5,14,#f4a460
6,1.5,14,#f4a460
5,1.5,14,#f4a460
5,1.5,15,#f4a460
6,1.5,15,#f4a460
7,1.5,15,#f4a460
-6,2.5,-10,#8b4513
-6,3.5,-10,#8b4513
-6,4.5,-10,#8b4513
-5,4.5,-10,#228b22
-5,4.5,-9,#228b22
-6,4.5,-9,#228b22
-7,4.5,-9,#228b22
-7,4.5,-10,#228b22
-7,4.5,-11,#228b22
-6,4.5,-11,#228b22
-5,4.5,-11,#228b22
-6,5.5,-10,#228b22
-5,2.5,1,#8b4513
-4,3.5,1,#228b22
-3,3.5,1,#228b22
-6,3.5,1,#228b22
-7,3.5,1,#228b22
-5,3.5,0,#228b22
-5,3.5,-1,#228b22
-5,3.5,2,#228b22
-5,3.5,3,#228b22
-4,3.5,3,#228b22
-3,3.5,3,#228b22
-3,3.5,2,#228b22
-4,3.5,2,#228b22
-4,3.5,0,#228b22
-4,3.5,-1,#228b22
-3,3.5,-1,#228b22
-3,3.5,0,#228b22
-6,3.5,-1,#228b22
-7,3.5,-1,#228b22
-7,3.5,0,#228b22
-6,3.5,0,#228b22
-6,3.5,2,#228b22
-6,3.5,3,#228b22
-7,3.5,3,#228b22
-7,3.5,2,#228b22
-6,4.5,1,#228b22
-6,4.5,2,#228b22
-5,4.5,2,#228b22
-4,4.5,2,#228b22
-4,4.5,1,#228b22
-4,4.5,0,#228b22
-5,4.5,0,#228b22
-6,4.5,0,#228b22
-5,5.5,1,#228b22
9,2.5,14,#8b4513
9,3.5,14,#8b4513
9,4.5,14,#8b4513
9,5.5,14,#8b4513
8,5.5,14,#32cd32
8,5.5,15,#32cd32
9,5.5,15,#32cd32
10,5.5,15,#32cd32
10,5.5,14,#32cd32
10,5.5,13,#32cd32
9,5.5,13,#32cd32
8,5.5,13,#32cd32
8,6.5,14,#32cd32
8,6.5,13,#32cd32
9,6.5,13,#32cd32
10,6.5,13,#32cd32
10,6.5,14,#32cd32
10,6.5,15,#32cd32
9,6.5,15,#32cd32
8,6.5,15,#32cd32
9,6.5,14,#32cd32
8,2.5,-12,#8b4513
8,3.5,-12,#8b4513
8,4.5,-12,#8b4513
9,5.5,-11,#32cd32
9,5.5,-12,#32cd32
9,5.5,-13,#32cd32
8,5.5,-13,#32cd32
7,5.5,-13,#32cd32
7,5.5,-12,#32cd32
7,5.5,-11,#32cd32
8,5.5,-11,#32cd32
8,5.5,-12,#32cd32
7,6.5,-11,#32cd32
8,6.5,-11,#32cd32
9,6.5,-11,#32cd32
9,6.5,-12,#32cd32
9,6.5,-13,#32cd32
8,6.5,-13,#32cd32
7,6.5,-13,#32cd32
7,6.5,-12,#32cd32
8,6.5,-12,#32cd32
-8,2.5,13,#8b4513
-8,3.5,12,#228b22
-8,3.5,11,#228b22
-8,3.5,14,#228b22
-8,3.5,15,#228b22
-7,3.5,13,#228b22
-6,3.5,13,#228b22
-9,3.5,13,#228b22
-10,3.5,13,#228b22
-10,3.5,12,#228b22
-10,3.5,11,#228b22
-9,3.5,11,#228b22
-7,3.5,11,#228b22
-6,3.5,11,#228b22
-6,3.5,12,#228b22
-6,3.5,14,#228b22
-6,3.5,15,#228b22
-7,3.5,15,#228b22
-9,3.5,15,#228b22
-10,3.5,15,#228b22
-10,3.5,14,#228b22
-9,3.5,14,#228b22
-7,3.5,14,#228b22
-7,3.5,12,#228b22
-9,3.5,12,#228b22
-9,4.5,12,#228b22
-8,4.5,12,#228b22
-7,4.5,12,#228b22
-7,4.5,13,#228b22
-7,4.5,14,#228b22
-8,4.5,14,#228b22
-9,4.5,14,#228b22
-9,4.5,13,#228b22
-8,5.5,13,#228b22
10,2.5,2,#8b4513
10,3.5,2,#8b4513
10,4.5,3,#228b22
11,4.5,3,#228b22
11,4.5,2,#228b22
11,4.5,1,#228b22
10,4.5,1,#228b22
9,4.5,1,#228b22
9,4.5,2,#228b22
9,4.5,3,#228b22
10,5.5,2,#228b22
